
-1.2287485156114235
-1.6562472140729987
-1.9216208954682157
-1.9988929348949507
-1.8804994067481584
-1.5780294944590623
-1.121091060474318
-0.5544124223896261
0.06653596641704804
0.6809713512474841
1.2287485156114233
1.6562472140729985
1.9216208954682157
1.9988929348949507
1.8804994067481584
1.5780294944590625
1.121091060474318
0.5544124223896263
-0.06653596641704779
-0.6809713512474839
-1.228748515611423
-1.6562472140729978
-1.9216208954682152
-1.9988929348949507
-1.8804994067481589
-1.5780294944590632
-1.1210910604743192
-0.5544124223896274
0.06653596641704666
0.6809713512474829
1.2287485156114222
1.6562472140729978
1.9216208954682152
1.9988929348949507
1.8804994067481589
1.5780294944590612
1.1210910604743194
0.5544124223896276
-0.06653596641704641
-0.6809713512474826
-1.228748515611422
-1.6562472140729996
-1.9216208954682152
-1.9988929348949507
-1.880499406748159
-1.5780294944590634
-1.1210910604743196
-0.5544124223896244
0.06653596641704618
0.6809713512474824
1.2287485156114217
1.6562472140729994
1.921620895468215
1.9988929348949507
1.880499406748159
1.5780294944590614
1.1210910604743196
0.5544124223896246
-0.06653596641704593
-0.6809713512474788
-1.2287485156114215
-1.6562472140729954
-1.921620895468215
-1.9988929348949507
-1.880499406748159
-1.5780294944590616
-1.1210910604743198
-0.554412422389625
0.06653596641704568
0.6809713512474852
1.228748515611427
1.6562472140729951
1.921620895468215
1.998892934894951
1.8804994067481593
1.578029494459066
1.12109106047432
0.5544124223896252
-0.06653596641704544
-0.680971351247485
-1.2287485156114213
-1.6562472140729991
-1.9216208954682168
-1.9988929348949507
-1.8804994067481593
-1.5780294944590663
-1.1210910604743203
-0.5544124223896322
0.06653596641704519
0.6809713512474848
1.228748515611421
1.656247214072999
1.9216208954682148
1.9988929348949507
1.880499406748157
1.578029494459062
1.1210910604743205
0.5544124223896324
-0.06653596641704494
-0.6809713512474779
-1.2287485156114208
-1.6562472140729987
-1.9216208954682168
-1.998892934894951
-1.8804994067481595
-1.5780294944590623
-1.1210910604743147
-0.5544124223896191
0.0665359664170447
0.6809713512474843
1.2287485156114317
1.6562472140730067
1.9216208954682166
1.9988929348949505
1.8804994067481546
1.5780294944590536
1.121091060474315
0.554412422389633
-0.06653596641704446
-0.6809713512474841
-1.228748515611426
-1.6562472140730025
-1.9216208954682146
-1.9988929348949507
-1.8804994067481573
-1.578029494459058
-1.1210910604743094
-0.5544124223896263
0.06653596641705131
0.6809713512474905
1.2287485156114315
1.6562472140729982
1.9216208954682166
1.9988929348949505
1.8804994067481549
1.5780294944590538
1.1210910604743154
0.5544124223896197
-0.06653596641705817
-0.680971351247497
-1.2287485156114368
-1.6562472140729942
-1.9216208954682144
-1.9988929348949507
-1.8804994067481573
-1.5780294944590585
-1.1210910604743216
-0.5544124223896267
0.06653596641705083
0.6809713512474901
1.2287485156114197
1.656247214072998
1.9216208954682164
1.9988929348949505
1.880499406748155
1.578029494459063
1.1210910604743158
0.5544124223896202
-0.06653596641705768
-0.6809713512474965
-1.2287485156114253
-1.656247214073002
-1.9216208954682183
-1.9988929348949502
-1.8804994067481526
-1.5780294944590587
-1.12109106047431
-0.5544124223896273
0.06653596641705034
0.6809713512474896
1.2287485156114195
1.6562472140729978
1.9216208954682161
1.9988929348949505
1.88049940674816
1.5780294944590632
1.1210910604743163
0.5544124223896206
-0.0665359664170572
-0.6809713512474828
-1.2287485156114248
-1.6562472140730016
-1.9216208954682181
-1.9988929348949502
-1.8804994067481577
-1.578029494459059
-1.1210910604743105
-0.5544124223896141
0.06653596641706405
0.6809713512474892
1.2287485156114302
1.6562472140730056
1.9216208954682161
1.998892934894951
1.8804994067481602
1.5780294944590636
1.1210910604743167
0.5544124223896212
-0.0665359664170425
-0.6809713512474823
-1.2287485156114244
-1.6562472140730093
-1.921620895468218
-1.9988929348949502
-1.880499406748153
-1.578029494459068
-1.1210910604743227
-0.5544124223896282
0.06653596641704936
0.6809713512474888
1.22874851561143
1.6562472140729894
1.921620895468216
1.9988929348949513
1.8804994067481555
1.5780294944590725
1.121091060474329
0.5544124223896353
-0.06653596641704201
-0.6809713512474818
-1.2287485156114242
-1.6562472140729851
-1.921620895468218
-1.9988929348949511
-1.8804994067481628
-1.5780294944590683
-1.1210910604743232
-0.5544124223896286
0.06653596641704887
0.6809713512474616
1.2287485156114295
1.656247214072989
1.921620895468212
1.998892934894951
1.8804994067481702
1.578029494459064
1.121091060474341
0.5544124223896221
-0.06653596641702732
-0.680971351247468
-1.2287485156114124
-1.656247214072993
-1.9216208954682137
-1.9988929348949507
-1.880499406748168
-1.5780294944590598
-1.1210910604743354
-0.5544124223896155
0.06653596641703417
0.6809713512474744
1.228748515611418
1.6562472140729967
1.9216208954682157
1.9988929348949505
1.8804994067481655
1.5780294944590556
1.1210910604743296
0.5544124223896362
-0.06653596641704103
-0.6809713512474541
-1.2287485156114233
-1.6562472140729847
-1.9216208954682097
-1.9988929348949513
-1.8804994067481633
-1.578029494459069
-1.121091060474324
-0.5544124223896569
0.06653596641704788
0.6809713512474606
1.2287485156114288
1.6562472140729885
1.9216208954682117
1.9988929348949511
1.8804994067481609
1.5780294944590647
1.1210910604743183
0.5544124223896504
-0.06653596641705474
-0.6809713512474671
-1.2287485156114342
-1.6562472140729922
-1.9216208954682057
-1.998892934894951
-1.8804994067481682
-1.5780294944590605
-1.121091060474336
-0.5544124223896437
0.0665359664170332
0.6809713512474735
1.228748515611417
1.6562472140729962
1.9216208954682075
1.9988929348949505
1.880499406748166
1.5780294944590563
1.1210910604743305
0.5544124223896372
-0.06653596641704006
-0.68097135124748
-1.2287485156114002
-1.656247214073
-1.9216208954682095
-1.9988929348949502
-1.8804994067481635
-1.5780294944590696
-1.1210910604743247
-0.5544124223896305
0.06653596641704691
0.6809713512474597
1.2287485156114055
1.6562472140729878
1.9216208954682112
1.9988929348949511
1.8804994067481613
1.5780294944590827
1.1210910604743192
0.5544124223896513
-0.06653596641705377
-0.6809713512474661
-1.2287485156114109
-1.6562472140729918
-1.9216208954682132
-1.998892934894951
-1.8804994067481589
-1.5780294944590785
-1.1210910604743134
-0.5544124223896447
0.06653596641706062
0.6809713512474725
1.2287485156114164
1.6562472140729956
1.9216208954682152
1.9988929348949507
1.8804994067481662
1.5780294944590743
1.1210910604743312
0.5544124223896381
-0.06653596641703907
-0.680971351247479
-1.2287485156113993
-1.6562472140729994
-1.9216208954682092
-1.9988929348949513
-1.880499406748164
-1.57802949445907
-1.1210910604743256
-0.5544124223896315
0.06653596641701752
0.6809713512474855
1.2287485156114049
1.6562472140730033
1.921620895468211
1.9988929348949511
1.8804994067481615
1.578029494459066
1.1210910604743198
0.5544124223896248
-0.06653596641702438
-0.6809713512474652
-1.2287485156114102
-1.6562472140729911
-1.921620895468213
-1.9988929348949518
-1.8804994067481593
-1.5780294944590791
-1.1210910604743143
-0.5544124223896456
0.06653596641703123
0.6809713512474717
1.2287485156114155
1.6562472140729951
1.9216208954682148
1.9988929348949516
1.8804994067481569
1.578029494459075
1.1210910604743085
0.5544124223896391
-0.06653596641703809
-0.6809713512474781
-1.228748515611421
-1.656247214072983
-1.9216208954682168
-1.9988929348949513
-1.8804994067481642
-1.5780294944590707
-1.12109106047435
-0.5544124223896324
0.06653596641701655
0.6809713512474845
1.228748515611404
1.656247214072987
1.9216208954682108
1.9988929348949511
1.880499406748162
1.5780294944590665
1.1210910604743443
0.5544124223896258
-0.0665359664170234
-0.680971351247491
-1.2287485156114093
-1.6562472140729747
-1.9216208954682206
-1.998892934894951
-1.8804994067481595
-1.5780294944590798
-1.121091060474315
-0.5544124223896193
0.06653596641705867
0.6809713512474708
1.2287485156113924
1.6562472140729945
1.9216208954682068
1.9988929348949507
1.8804994067481668
1.578029494459058
1.1210910604743094
0.55441242238964
-0.06653596641706552
-0.6809713512475306
-1.2287485156114426
-1.6562472140729982
-1.9216208954682086
-1.9988929348949485
-1.8804994067481453
-1.5780294944590538
-1.1210910604743272
-0.5544124223896061
0.06653596641710079
0.6809713512475104
1.2287485156114257
1.6562472140730182
1.9216208954682183
1.9988929348949493
1.8804994067481526
1.5780294944590323
1.121091060474298
0.5544124223896267
-0.06653596641707923
-0.6809713512474901
-1.2287485156114535
-1.656247214073006
-1.9216208954682124
-1.9988929348949518
-1.8804994067481404
-1.5780294944590454
-1.1210910604743158
-0.5544124223896475
0.06653596641705768
0.6809713512475233
1.2287485156114364
1.656247214072994
1.9216208954682221
1.9988929348949507
1.880499406748148
1.5780294944590587
1.1210910604742865
0.5544124223896136
-0.06653596641703613
-0.680971351247503
-1.2287485156114644
-1.6562472140730138
-1.9216208954682161
-1.9988929348949513
-1.8804994067481553
-1.578029494459037
-1.1210910604743045
-0.5544124223896343
0.06653596641701459
0.6809713512475362
1.2287485156114473
1.6562472140730016
1.9216208954682104
1.9988929348949502
1.8804994067481433
1.5780294944590503
1.1210910604743223
0.5544124223896004
-0.06653596641704985
-0.6809713512475158
-1.2287485156114302
-1.6562472140730213
-1.9216208954682201
-1.998892934894951
-1.8804994067481506
-1.5780294944590285
-1.1210910604742932
-0.5544124223896212
0.0665359664170283
0.6809713512474956
1.2287485156114581
1.6562472140730093
1.9216208954682141
1.9988929348949516
1.8804994067481384
1.5780294944590418
1.121091060474311
0.5544124223896418
-0.06653596641706357
-0.6809713512475288
-1.228748515611441
-1.6562472140729974
-1.921620895468224
-1.9988929348949505
-1.880499406748146
-1.5780294944590552
-1.1210910604742819
-0.554412422389608
0.06653596641704201
0.6809713512475085
1.228748515611469
1.6562472140730171
1.921620895468218
1.9988929348949511
1.8804994067481533
1.5780294944590334
1.1210910604742996
0.5544124223896286
-0.06653596641702046
-0.6809713512474882
-1.228748515611452
-1.656247214073005
-1.921620895468212
-1.99889293489495
-1.8804994067481606
-1.5780294944590467
-1.1210910604743174
-0.5544124223895948
0.06653596641705573
0.680971351247468
1.2287485156114348
1.6562472140730247
1.9216208954682217
1.9988929348949507
1.880499406748168
1.578029494459025
1.1210910604742883
0.5544124223896155
-0.06653596641703417
-0.6809713512474477
-1.2287485156114628
-1.6562472140730127
-1.9216208954682157
-1.9988929348949516
-1.880499406748156
-1.5780294944590383
-1.121091060474306
-0.5544124223896362
0.06653596641706944
0.6809713512474809
1.2287485156114457
1.6562472140730005
1.9216208954682255
1.9988929348949502
1.8804994067481633
1.5780294944590514
1.121091060474277
0.5544124223896023
-0.06653596641704788
-0.6809713512474606
-1.2287485156114737
-1.6562472140730202
-1.9216208954682195
-1.9988929348949511
-1.8804994067481706
-1.5780294944590298
-1.1210910604742947
-0.5544124223896231
0.06653596641702635
0.6809713512474938
1.2287485156114566
1.6562472140730082
1.9216208954682135
1.9988929348949498
1.8804994067481586
1.578029494459043
1.1210910604743125
0.5544124223895891
-0.06653596641706161
-0.6809713512474735
-1.2287485156114395
-1.656247214073028
-1.9216208954682232
-1.9988929348949505
-1.880499406748166
-1.5780294944590214
-1.1210910604742834
-0.5544124223896099
0.06653596641704006
0.6809713512474532
1.2287485156114675
1.656247214073016
1.9216208954682172
1.9988929348949513
1.880499406748154
1.5780294944590345
1.1210910604743012
0.5544124223896305
-0.06653596641707532
-0.6809713512474864
-1.2287485156114055
-1.6562472140730038
-1.921620895468227
-1.99889293489495
-1.8804994067481613
-1.5780294944590827
-1.121091060474272
-0.5544124223895966
0.06653596641705377
0.6809713512474661
1.2287485156114333
1.6562472140730236
1.921620895468221
1.998892934894951
1.8804994067481493
1.5780294944590612
1.1210910604742899
0.5544124223896174
-0.06653596641703222
-0.6809713512474993
-1.2287485156114164
-1.6562472140730116
-1.9216208954682152
-1.9988929348949496
-1.8804994067481566
-1.5780294944590743
-1.1210910604743076
-0.5544124223895834
0.06653596641706748
0.680971351247479
1.2287485156113993
1.6562472140730313
1.921620895468225
1.9988929348949505
1.880499406748164
1.5780294944590527
1.1210910604742785
0.5544124223896042
-0.06653596641704593
-0.6809713512475122
-1.2287485156114273
-1.6562472140730193
-1.921620895468219
-1.9988929348949511
-1.880499406748152
-1.5780294944590658
-1.1210910604742963
-0.5544124223896248
0.06653596641708119
0.680971351247492
1.2287485156114102
1.6562472140730071
1.9216208954682288
1.99889293489495
1.8804994067481593
1.5780294944590791
1.1210910604742672
0.554412422389591
-0.06653596641705964
-0.6809713512474717
-1.228748515611438
-1.6562472140730269
-1.9216208954682228
-1.9988929348949507
-1.8804994067481473
-1.5780294944590576
-1.121091060474285
-0.5544124223896117
0.0665359664170381
0.6809713512475049
1.228748515611421
1.656247214073015
1.9216208954682168
1.9988929348949493
1.8804994067481546
1.5780294944590707
1.121091060474303
0.5544124223895778
-0.06653596641707336
-0.6809713512474845
-1.228748515611404
-1.6562472140730027
-1.9216208954682266
-1.9988929348949502
-1.880499406748162
-1.5780294944590492
-1.1210910604743207
-0.5544124223895985
0.06653596641705181
0.6809713512475177
1.2287485156114317
1.6562472140729907
1.9216208954682206
1.998892934894951
1.88049940674815
1.5780294944590623
1.1210910604743385
0.5544124223896193
-0.06653596641708708
-0.6809713512474975
-1.2287485156114148
-1.6562472140729785
-1.9216208954682303
-1.9988929348949498
-1.8804994067481573
-1.5780294944590756
-1.1210910604743094
-0.5544124223895853
0.06653596641706552
0.6809713512474772
1.2287485156114426
1.6562472140729985
1.9216208954682243
1.9988929348949505
1.8804994067481453
1.5780294944590538
1.1210910604743272
0.5544124223896061
-0.06653596641704397
-0.6809713512475104
-1.2287485156114257
-1.6562472140729863
-1.9216208954682183
-1.9988929348949493
-1.8804994067481526
-1.5780294944590672
-1.1210910604743451
-0.5544124223895721
0.06653596641707923
0.6809713512474901
1.2287485156114086
1.656247214073006
1.9216208954682281
1.99889293489495
1.88049940674816
1.5780294944590454
1.1210910604743158
0.5544124223895929
-0.06653596641705768
-0.6809713512475233
-1.2287485156114364
-1.656247214072994
-1.9216208954682221
-1.9988929348949507
-1.880499406748148
-1.5780294944590587
-1.1210910604743336
-0.5544124223896136
0.06653596641709295
0.680971351247503
1.2287485156114195
1.6562472140729818
1.921620895468232
1.9988929348949496
1.8804994067481553
1.578029494459072
1.1210910604743045
0.5544124223895797
-0.0665359664170714
-0.6809713512474828
-1.2287485156114473
-1.6562472140730016
-1.9216208954682104
-1.9988929348949502
-1.8804994067481433
-1.5780294944590503
-1.1210910604743223
-0.554412422389655
0.06653596641704985
0.680971351247516
1.2287485156114302
1.6562472140729896
1.9216208954682044
1.9988929348949491
1.8804994067481506
1.5780294944590636
1.1210910604743403
0.5544124223896212
-0.06653596641708512
-0.6809713512474956
-1.2287485156114133
-1.6562472140730093
-1.9216208954682141
-1.9988929348949498
-1.880499406748158
-1.5780294944590418
-1.121091060474311
-0.5544124223896418
0.06653596641706357
0.6809713512475288
1.228748515611441
1.6562472140729974
1.9216208954682081
1.9988929348949487
1.880499406748146
1.5780294944590552
1.121091060474329
0.5544124223896626
-0.06653596641709883
-0.6809713512475085
-1.2287485156114242
-1.6562472140729851
-1.9216208954682021
-1.9988929348949511
-1.8804994067481338
-1.5780294944590334
-1.1210910604742996
-0.5544124223896286
0.06653596641707728
0.6809713512474883
1.228748515611407
1.6562472140729732
1.9216208954682277
1.9988929348949482
1.880499406748141
1.5780294944590816
1.1210910604742703
0.5544124223895948
-0.06653596641705573
-0.680971351247468
-1.22874851561139
-1.6562472140730247
-1.9216208954682217
-1.9988929348949527
-1.8804994067481873
-1.5780294944591298
-1.1210910604743354
-0.5544124223896701
0.06653596641697737
0.6809713512475012
1.228748515611418
1.6562472140729807
1.9216208954682
1.9988929348949533
1.8804994067481946
1.578029494459143
1.1210910604743531
0.5544124223895815
-0.06653596641706944
-0.6809713512474809
-1.2287485156114009
-1.6562472140729687
-1.921620895468194
-1.998892934894954
-1.880499406748202
-1.5780294944591562
-1.121091060474277
-0.5544124223896023
0.0665359664170479
0.6809713512474607
1.228748515611384
1.6562472140729565
1.921620895468188
1.998892934894955
1.8804994067481706
1.5780294944590996
1.1210910604742947
0.554412422389623
-0.06653596641702635
-0.6809713512474403
-1.2287485156113669
-1.6562472140729445
-1.9216208954682135
-1.9988929348949518
-1.880499406748178
-1.578029494459113
-1.1210910604743125
-0.5544124223896437
0.0665359664170048
0.68097135124742
1.2287485156114395
1.6562472140729962
1.9216208954682075
1.9988929348949525
1.8804994067481853
1.5780294944591262
1.1210910604743305
0.5544124223896645
-0.06653596641698324
-0.6809713512475067
-1.2287485156114226
-1.656247214072984
-1.9216208954682015
-1.9988929348949531
-1.8804994067481926
-1.5780294944591393
-1.1210910604744424
-0.5544124223895759
0.06653596641707532
0.6809713512474864
1.2287485156114055
1.656247214072972
1.9216208954681955
1.9988929348949538
1.8804994067482
1.5780294944590827
1.1210910604743662
0.5544124223895966
-0.06653596641705377
-0.6809713512474661
-1.2287485156113884
-1.6562472140729598
-1.9216208954681897
-1.9988929348949547
-1.8804994067481686
-1.578029494459096
-1.121091060474384
-0.5544124223896174
0.06653596641703222
0.6809713512474459
1.2287485156113716
1.6562472140729478
1.9216208954682152
1.9988929348949516
1.880499406748176
1.5780294944591093
1.1210910604744018
0.5544124223896381
-0.06653596641701068
-0.6809713512474256
-1.2287485156114442
-1.6562472140729994
-1.9216208954682092
-1.9988929348949522
-1.8804994067481833
-1.5780294944591224
-1.1210910604744198
-0.5544124223896588
0.06653596641698913
0.6809713512475122
1.2287485156114273
1.6562472140729874
1.9216208954682032
1.998892934894953
1.8804994067481906
1.5780294944591358
1.1210910604744375
0.5544124223895703
-0.06653596641708119
-0.680971351247492
-1.2287485156114102
-1.6562472140729754
-1.9216208954681973
-1.9988929348949538
-1.880499406748198
-1.5780294944590791
-1.1210910604743614
-0.554412422389591
0.06653596641705965
0.6809713512474717
1.228748515611393
1.6562472140729632
1.9216208954681913
1.9988929348949545
1.8804994067481666
1.5780294944590925
1.1210910604743791
0.5544124223896117
-0.0665359664170381
-0.6809713512474515
-1.2287485156113762
-1.6562472140729512
-1.9216208954682168
-1.9988929348949513
-1.880499406748174
-1.5780294944591056
-1.121091060474397
-0.5544124223897416
0.06653596641701655
0.6809713512474311
1.2287485156114488
1.6562472140730027
1.9216208954682108
1.998892934894952
1.8804994067481813
1.5780294944591189
1.1210910604744149
0.5544124223897624
-0.066535966416995
-0.6809713512475177
-1.2287485156114317
-1.6562472140729907
-1.9216208954682048
-1.9988929348949527
-1.8804994067481886
-1.5780294944591322
-1.1210910604744326
-0.5544124223896738
0.06653596641708708
0.6809713512474975
1.2287485156114148
1.6562472140729785
1.9216208954681988
1.9988929348949536
1.880499406748196
1.5780294944590756
1.1210910604743565
0.5544124223896946
-0.06653596641706552
-0.6809713512474772