0.0
0.6180339887498948
1.1755705045849463
1.618033988749895
1.902113032590307
2.0
1.9021130325903073
1.618033988749895
1.1755705045849465
0.618033988749895
2.4492935982947064*(10^{-16})
-0.6180339887498946
-1.175570504584946
-1.6180339887498947
-1.902113032590307
-2.0
-1.9021130325903073
-1.6180339887498951
-1.1755705045849467
-0.6180339887498952
-4.898587196589413*(10^{-16})
0.6180339887498943
1.1755705045849458
1.6180339887498945
1.902113032590307
2.0
1.9021130325903073
1.6180339887498953
1.1755705045849467
0.6180339887498956
7.347880794884119*(10^{-16})
-0.6180339887498941
-1.1755705045849456
-1.6180339887498945
-1.9021130325903068
-2.0
-1.9021130325903075
-1.6180339887498953
-1.175570504584947
-0.6180339887498958
-9.797174393178826*(10^{-16})
0.6180339887498972
1.1755705045849454
1.6180339887498942
1.9021130325903068
2.0
1.9021130325903075
1.6180339887498933
1.1755705045849472
0.618033988749896
1.2246467991473533*(10^{-15})
-0.618033988749897
-1.1755705045849452
-1.6180339887498962
-1.9021130325903068
-2.0
-1.9021130325903075
-1.6180339887498936
-1.1755705045849474
-0.6180339887498996
-1.4695761589768238*(10^{-15})
0.61803398874989
1.175570504584945
1.618033988749896
1.9021130325903066
2.0
1.9021130325903077
1.6180339887498938
1.1755705045849476
0.6180339887498931
-5.3909218387947074*(10^{-15})
-0.6180339887498898
-1.175570504584945
-1.6180339887498918
-1.9021130325903066
-2.0
-1.9021130325903077
-1.6180339887498938
-1.1755705045849478
-0.6180339887498933
-1.959434878635765*(10^{-15})
0.6180339887498963
1.1755705045849503
1.6180339887498958
1.9021130325903066
2.0
1.9021130325903077
1.6180339887498982
1.175570504584948
0.6180339887498936
2.204364238465236*(10^{-15})
-0.6180339887498961
-1.1755705045849445
-1.6180339887498956
-1.9021130325903086
-2.0
-1.902113032590308
-1.6180339887498982
-1.1755705045849483
-0.6180339887499006
-2.4492935982947065*(10^{-15})
0.6180339887498959
1.17557050458495
1.6180339887498913
1.9021130325903064
2.0
1.9021130325903057
1.61803398874989
1.1755705045849485
0.618033988749894
-4.411204399476825*(10^{-15})
-0.6180339887499025
-1.175570504584944
-1.6180339887498953
-1.9021130325903084
-2.0
-1.902113032590308
-1.618033988749903
-1.1755705045849543
-0.618033988749901
-2.9391523179536475*(10^{-15})
0.6180339887498955
1.175570504584938
1.618033988749891
1.9021130325903062
2.0
1.902113032590306
1.6180339887498987
1.1755705045849487
0.6180339887498945
-3.921345679817883*(10^{-15})
-0.6180339887498885
-1.1755705045849436
-1.6180339887498951
-1.9021130325903084
-2.0
-1.9021130325903082
-1.6180339887498947
-1.1755705045849432
-0.6180339887498879
1.0781843677589415*(10^{-14})
0.6180339887498815
1.1755705045849376
1.6180339887498907
1.902113032590306
2.0
1.9021130325903104
1.6180339887498991
1.1755705045849492
0.6180339887498949
1.0779367755043061*(10^{-14})
-0.6180339887498879
-1.1755705045849432
-1.6180339887498947
-1.9021130325903082
-2.0
-1.9021130325903084
-1.6180339887498951
-1.1755705045849436
-0.6180339887498885
-3.91886975727153*(10^{-15})
0.6180339887498945
1.1755705045849487
1.6180339887498987
1.9021130325903104
2.0
1.9021130325903062
1.6180339887498993
1.1755705045849496
0.6180339887498955
1.1269226474702003*(10^{-14})
-0.6180339887498875
-1.175570504584943
-1.6180339887498945
-1.9021130325903037
-2.0
-1.9021130325903084
-1.6180339887498953
-1.175570504584944
-0.6180339887499025
-4.408728476930472*(10^{-15})
0.618033988749894
1.1755705045849485
1.6180339887498985
1.9021130325903057
2.0
1.9021130325903064
1.6180339887498913
1.1755705045849385
0.6180339887498959
-2.45176952084106*(10^{-15})
-0.6180339887499006
-1.1755705045849425
-1.6180339887498858
-1.9021130325903035
-2.0
-1.9021130325903086
-1.6180339887498956
-1.1755705045849558
-0.6180339887499029
-4.898587196589413*(10^{-15})
0.6180339887499071
1.175570504584948
1.6180339887498982
1.90211303259031
2.0
1.9021130325903108
1.6180339887499
1.1755705045849503
0.6180339887498963
-1.9619108011821185*(10^{-15})
-0.618033988749873
-1.1755705045849536
-1.6180339887498856
-1.9021130325903122
-2.0
-1.9021130325903088
-1.6180339887498958
-1.1755705045849447
-0.6180339887498898
8.82240879895365*(10^{-15})
0.6180339887498796
1.1755705045849592
1.6180339887498896
1.9021130325903055
2.0
1.9021130325903066
1.6180339887498918
1.1755705045849392
0.6180339887499103
-1.5682906796725182*(10^{-14})
-0.6180339887498861
-1.1755705045849416
-1.6180339887498936
-1.9021130325902988
-2.0
-1.9021130325903133
-1.6180339887498878
-1.1755705045849567
-0.6180339887499038
-5.878304635907295*(10^{-15})
0.6180339887498926
1.1755705045849472
1.6180339887498976
1.9021130325903008
2.0
1.9021130325903113
1.6180339887498838
1.1755705045849512
0.6180339887498972
-9.82193361864236*(10^{-16})
-0.6180339887498991
-1.1755705045849527
-1.6180339887499016
-1.902113032590303
-2.0
-1.902113032590309
-1.6180339887498965
-1.1755705045849456
-0.6180339887499178
7.842691359635767*(10^{-15})
0.6180339887498786
1.1755705045849354
1.618033988749889
1.902113032590305
2.0
1.902113032590307
1.6180339887499091
1.17557050458494
0.6180339887499112
-1.4703189357407298*(10^{-14})
-0.6180339887498851
-1.175570504584941
-1.618033988749893
-1.9021130325903073
-2.0
-1.9021130325903048
-1.6180339887499051
-1.1755705045849345
-0.6180339887499047
2.156368735517883*(10^{-14})
0.6180339887498917
1.1755705045849234
1.6180339887498971
1.9021130325903006
2.0
1.9021130325903115
1.6180339887499011
1.175570504584952
0.6180339887498982
-2.475922546353431*(10^{-18})
-0.6180339887498982
-1.175570504584929
-1.6180339887499011
-1.9021130325903026
-2.0
-1.9021130325903093
-1.6180339887498971
-1.1755705045849465
-0.6180339887498917
-2.1558735510086122*(10^{-14})
0.6180339887499048
1.1755705045849345
1.6180339887499051
1.9021130325903048
2.0
1.9021130325903073
1.618033988749893
1.175570504584941
0.6180339887499122
1.469823751231459*(10^{-14})
-0.6180339887498842
-1.17557050458494
-1.6180339887498925
-1.902113032590307
-2.0
-1.902113032590305
-1.6180339887499058
-1.1755705045849354
-0.6180339887499057
-7.83773951454306*(10^{-15})
0.6180339887498908
1.1755705045849456
1.6180339887498965
1.902113032590309
2.0
1.902113032590303
1.6180339887499016
1.1755705045849298
0.6180339887498991
9.772415167715292*(10^{-16})
-0.6180339887498972
-1.1755705045849512
-1.6180339887499005
-1.9021130325903024
-2.0
-1.9021130325903097
-1.6180339887498976
-1.1755705045849472
-0.6180339887498926
-2.2538452949404006*(10^{-14})
0.6180339887499038
1.1755705045849338
1.6180339887498878
1.9021130325903046
2.0
1.9021130325903075
1.6180339887498936
1.1755705045849647
0.6180339887498861
1.5677954951632475*(10^{-14})
-0.6180339887499103
-1.1755705045849394
-1.6180339887498918
-1.9021130325903066
-2.0
-1.9021130325903055
-1.6180339887498896
-1.1755705045849592
-0.6180339887499066
-8.817456953860943*(10^{-15})
0.6180339887498898
1.175570504584945
1.6180339887498791
1.9021130325903088
2.0
1.9021130325903033
1.6180339887499022
1.1755705045849536
0.6180339887499
1.9569589560894117*(10^{-15})
-0.6180339887498963
-1.1755705045849505
-1.6180339887498831
-1.9021130325903108
-2.0
-1.9021130325903013
-1.6180339887498982
-1.175570504584948
-0.6180339887498936
4.90353904168212*(10^{-15})
0.6180339887498758
1.175570504584956
1.6180339887498874
1.9021130325903042
2.0
1.9021130325903166
1.6180339887498942
1.1755705045849654
0.618033988749887
1.6657672390950356*(10^{-14})
-0.6180339887498824
-1.1755705045849385
-1.6180339887498913
-1.9021130325903064
-2.0
-1.9021130325903146
-1.61803398874989
-1.1755705045849598
-0.6180339887498805
-9.797174393178826*(10^{-15})
0.6180339887498618
1.175570504584967
1.6180339887498953
1.9021130325903084
2.0
1.9021130325903037
1.618033988749886
1.1755705045849314
0.618033988749901
3.13583858258113*(10^{-14})
-0.6180339887498955
-1.1755705045849265
-1.6180339887498993
-1.9021130325903017
-2.0
-1.9021130325903104
-1.6180339887499156
-1.1755705045849487
-0.6180339887498675
3.923821602364237*(10^{-15})
0.6180339887498749
1.1755705045849092
1.61803398874992
1.9021130325903126
2.0
1.902113032590317
1.6180339887498947
1.1755705045849203
0.6180339887498879
1.763738983026824*(10^{-14})
-0.6180339887499084
-1.1755705045849376
-1.6180339887499073
-1.902113032590306
-2.0
-1.902113032590306
-1.6180339887499073
-1.1755705045849376
-0.6180339887499084
1.76448175979073*(10^{-14})
0.6180339887498879
1.1755705045849203
1.6180339887498614
1.902113032590317
2.0
1.9021130325903126
1.61803398874992
1.1755705045849552
0.6180339887498749
3.9163938347251765*(10^{-15})
-0.6180339887498675
-1.1755705045849487
-1.618033988749882
-1.9021130325903104
-2.0
-1.9021130325903017
-1.6180339887498993
-1.1755705045849725
-0.6180339887498955
3.1365813593450365*(10^{-14})
0.618033988749901
1.1755705045849314
1.6180339887498694
1.9021130325903037
2.0
1.9021130325903084
1.618033988749912
1.17557050458499
0.6180339887498618
-9.804602160817886*(10^{-15})
-0.6180339887498805
-1.1755705045849139
-1.61803398874989
-1.9021130325903146
-2.0
-1.902113032590315
-1.6180339887498913
-1.1755705045849614
-0.6180339887498824
-1.175660927181459*(10^{-14})
0.618033988749914
1.1755705045849425
1.6180339887498774
1.902113032590308
2.0
1.9021130325903042
1.618033988749904
1.175570504584979
0.6180339887499029
-2.352559815636095*(10^{-14})
-0.6180339887498936
-1.175570504584925
-1.6180339887498647
-1.9021130325903188
-2.0
-1.9021130325903108
-1.6180339887499167
-1.1755705045849503
-0.6180339887498693
1.964386723728472*(10^{-15})
0.618033988749873
1.1755705045849536
1.6180339887498856
1.9021130325903122
2.0
1.9021130325903
1.6180339887498958
1.1755705045849678
0.6180339887498898
-3.724659415190401*(10^{-14})
-0.6180339887499066
-1.175570504584936
-1.618033988749873
-1.9021130325903055
-2.0
-1.9021130325903066
-1.6180339887499084
-1.1755705045849854
-0.6180339887499103
1.5685382719271533*(10^{-14})
0.6180339887498861
1.1755705045849187
1.6180339887498936
1.9021130325902988
2.0
1.9021130325903133
1.6180339887498878
1.1755705045849567
0.6180339887499309
5.875828713360942*(10^{-15})
-0.6180339887499197
-1.1755705045849472
-1.618033988749881
-1.9021130325902922
-2.0
-1.9021130325903024
-1.6180339887499005
-1.1755705045849743
-0.6180339887499513
2.9406378714814596*(10^{-14})
0.6180339887498991
1.1755705045849298
1.6180339887498683
1.902113032590303
2.0
1.902113032590309
1.618033988749913
1.1755705045849456
0.6180339887499178
-7.84516728218212*(10^{-15})
-0.6180339887498786
-1.1755705045849583
-1.618033988749889
-1.9021130325902964
-2.0
-1.9021130325902982
-1.6180339887498925
-1.1755705045849631
-0.6180339887499383
4.312737471035766*(10^{-14})
0.6180339887499122
1.175570504584941
1.6180339887498763
1.9021130325902897
2.0
1.9021130325903048
1.6180339887499051
1.1755705045849805
0.6180339887499047
-2.1566163277725183*(10^{-14})
-0.6180339887498917
-1.1755705045849234
-1.6180339887498971
-1.9021130325903006
-2.0
-1.9021130325903115
-1.6180339887498845
-1.175570504584952
-0.6180339887499252
4.951845092706862*(10^{-18})
0.6180339887499252
1.175570504584952
1.6180339887498845
1.902113032590294
2.0
1.9021130325903006
1.6180339887498971
1.1755705045849694
0.6180339887499458
-3.5287159273268247*(10^{-14})
-0.6180339887499048
-1.1755705045849345
-1.6180339887498716
-1.9021130325903048
-2.0
-1.9021130325903073
-1.6180339887499098
-1.175570504584941
-0.6180339887499122
-4.3117471020172244*(10^{-14})
0.6180339887498842
1.1755705045849631
1.6180339887498925
1.9021130325902982
2.0
1.9021130325902964
1.618033988749889
1.1755705045849583
0.6180339887499327
7.835263591996707*(10^{-15})
-0.6180339887499178
-1.1755705045849456
-1.6180339887498798
-1.902113032590309
-2.0
-1.902113032590303
-1.6180339887499016
-1.1755705045849758
-0.6180339887498991
-2.939647502462918*(10^{-14})
0.6180339887498972
1.1755705045849283
1.6180339887499005
1.9021130325903024
2.0
1.9021130325903097
1.618033988749881
1.1755705045849472
0.6180339887499197
5.095768645726166*(10^{-14})
-0.6180339887499309
-1.1755705045849567
-1.6180339887498878
-1.9021130325902957
-2.0
-1.9021130325902988
-1.6180339887498936
-1.1755705045849647
-0.6180339887498861
-1.567547902908612*(10^{-14})
0.6180339887499103
1.1755705045849394
1.6180339887498751
1.9021130325903066
2.0
1.9021130325903055
1.6180339887499062
1.175570504584936
0.6180339887499066
3.7236690461718594*(10^{-14})
-0.6180339887498898
-1.1755705045849678
-1.6180339887498958
-1.9021130325903
-2.0
-1.9021130325902946
-1.6180339887498856
-1.1755705045849536
-0.6180339887499271
-1.9544830335430583*(10^{-15})
0.6180339887499233
1.1755705045849505
1.6180339887498831
1.9021130325903108
2.0
1.9021130325903013
1.6180339887498982
1.175570504584971
0.6180339887498936
2.3515694466175534*(10^{-14})
-0.6180339887499029
-1.175570504584933
-1.618033988749904
-1.9021130325903042
-2.0
-1.902113032590308
-1.6180339887498774
-1.1755705045849425
-0.618033988749914
-4.507690589880801*(10^{-14})
0.6180339887498824
1.1755705045849616
1.6180339887498913
1.9021130325902975
2.0
1.9021130325903146
1.61803398874989
1.1755705045849598
0.6180339887498805
9.794698470632472*(10^{-15})
-0.6180339887498618
-1.175570504584944
-1.6180339887498787
-1.9021130325903084
-2.0
-1.9021130325903213
-1.618033988749903
-1.1755705045849314
-0.618033988749901
-3.135590990326495*(10^{-14})
0.6180339887498414
1.1755705045849727
1.6180339887498993
1.9021130325903017
2.0
1.9021130325903104
1.618033988749882
1.1755705045849487
0.6180339887499215
-3.92629752491059*(10^{-15})
-0.6180339887498749
-1.1755705045849552
-1.6180339887498867
-1.9021130325903126
-2.0
-1.902113032590317
-1.6180339887498947
-1.1755705045849663
-0.6180339887498879
-1.7634913907721887*(10^{-14})
0.6180339887498544
1.1755705045849376
1.6180339887499073
1.902113032590306
2.0
1.9021130325903237
1.618033988749874
1.1755705045849376
0.6180339887499084
3.919612534035436*(10^{-14})
-0.6180339887498879
-1.1755705045849663
-1.6180339887498947
-1.9021130325902993
-2.0
-1.9021130325903126
-1.6180339887498867
-1.1755705045849552
-0.6180339887498749
-3.9139179121788235*(10^{-15})
0.6180339887498675
1.1755705045849487
1.618033988749882
1.9021130325903104
2.0
1.9021130325903193
1.6180339887498993
1.1755705045849265
0.6180339887498953
2.54751293448113*(10^{-14})
-0.6180339887498469
-1.1755705045849774
-1.618033988749903
-1.9021130325903037
-2.0
-1.9021130325903084
-1.6180339887498787
-1.175570504584944
-0.6180339887499159
9.80707808336424*(10^{-15})
0.6180339887498805
1.1755705045849139
1.61803398874989
1.9021130325903146
2.0
1.902113032590315
1.6180339887499247
1.1755705045849614
0.6180339887498824
1.1754133349268238*(10^{-14})
-0.61803398874986
-1.1755705045848965
-1.618033988749911
-1.902113032590308
-2.0
-1.9021130325903217
-1.618033988749904
-1.175570504584933
-0.6180339887499029
-3.331534478190071*(10^{-14})
0.6180339887498936
1.175570504584925
1.6180339887498982
1.9021130325903013
2.0
1.9021130325903108
1.6180339887499167
1.1755705045849503
0.6180339887498693
-1.9668626462748253*(10^{-15})
-0.618033988749873
-1.1755705045849076
-1.6180339887499189
-1.9021130325903122
-2.0
-1.9021130325903175
-1.6180339887499293
-1.1755705045849218
-0.6180339887498898
-1.9594348786357652*(10^{-14})
0.6180339887498525
1.17557050458489
1.618033988749873
1.902113032590323
2.0
1.9021130325903066
1.6180339887499084
1.1755705045849392
0.6180339887499103
4.1155560218990125*(10^{-14})
-0.6180339887498321
-1.1755705045849647
-1.618033988749927
-1.9021130325903164
-2.0
-1.9021130325902957
-1.6180339887498878
-1.1755705045849567
-0.6180339887499309
-6.27167716516226*(10^{-14})
0.6180339887499197
1.1755705045849472
1.618033988749881
1.9021130325902922
2.0
1.9021130325903024
1.6180339887499005
1.1755705045849743
0.6180339887498432
-2.9408854637360953*(10^{-14})
-0.6180339887498991
-1.1755705045849298
-1.6180339887498683
-1.9021130325902855
-2.0
-1.902113032590309
-1.6180339887498463
-1.1755705045848996
-0.6180339887498637
7.847643204728474*(10^{-15})
0.6180339887498786
1.1755705045849123
1.6180339887498556
1.9021130325902789
2.0
1.9021130325902806
1.618033988749859
1.175570504584917
0.6180339887498842
1.3713568227904002*(10^{-14})
-0.6180339887498582
-1.175570504584895
-1.618033988749843
-1.9021130325903073
-2.0
-1.9021130325902873
-1.6180339887498716
-1.1755705045849345
-0.6180339887499047
-3.527477966053648*(10^{-14})
0.6180339887498376
1.1755705045849694
1.6180339887498971
1.9021130325903006
2.0
1.902113032590294
1.6180339887498845
1.175570504584952
0.6180339887499252
-5.685084662844708*(10^{-14})
-0.6180339887499252
-1.175570504584952
-1.6180339887498845
-1.902113032590294
-2.0
-1.9021130325903006
-1.6180339887498971
-1.1755705045849694
-0.6180339887498376
3.52896351958146*(10^{-14})
0.6180339887499048
1.1755705045849345
1.6180339887498716
1.9021130325902873
2.0
1.9021130325903424
1.618033988749843
1.175570504584895
0.6180339887498582
-1.3728423763182123*(10^{-14})
-0.6180339887498842
-1.1755705045849172
-1.618033988749859
-1.9021130325902806
-2.0
-1.902113032590314
-1.6180339887498556
-1.1755705045849123
-0.6180339887498786
-7.832787669450353*(10^{-15})
0.6180339887498637
1.1755705045848996
1.6180339887498463
1.902113032590309
2.0
1.9021130325903206
1.6180339887498683
1.1755705045849298
0.6180339887498991
2.939399910208283*(10^{-14})
-0.6180339887498432
-1.1755705045849743
-1.6180339887499005
-1.9021130325903024
-2.0
-1.9021130325903273
-1.618033988749881
-1.1755705045849472
-0.6180339887499197
6.273162718690073*(10^{-14})
0.6180339887499309
1.1755705045849567
1.6180339887498878
1.9021130325902957
2.0
1.902113032590334
1.6180339887498936
1.1755705045849647
0.6180339887498321
-4.117041575426825*(10^{-14})
-0.6180339887499103
-1.1755705045849394
-1.6180339887498751
-1.902113032590289
-2.0
-1.9021130325903406
-1.6180339887498394
-1.17557050458489
-0.6180339887498525
1.9609204321635772*(10^{-14})
0.6180339887498898
1.1755705045849218
1.6180339887498625
1.9021130325902824
2.0
1.9021130325903122
1.618033988749852
1.1755705045849076
0.618033988749873
1.952007110996705*(10^{-15})
-0.6180339887498694
-1.1755705045849043
-1.6180339887498498
-1.9021130325903108
-2.0
-1.9021130325903188
-1.6180339887498647
-1.175570504584925
-0.6180339887498936
-2.351321854362918*(10^{-14})
0.6180339887498488
1.175570504584979
1.618033988749904
1.9021130325903042
2.0
1.9021130325903255
1.6180339887499442
1.1755705045849425
0.618033988749914
-6.861240774535437*(10^{-14})
-0.6180339887499364
-1.1755705045849616
-1.6180339887498913
-1.9021130325902975
-2.0
-1.9021130325903322
-1.6180339887499569
-1.1755705045849598
-0.6180339887498264
4.70511963127219*(10^{-14})
0.6180339887499159
1.175570504584944
1.6180339887498787
1.9021130325902909
2.0
1.9021130325903388
1.618033988749903
1.1755705045848854
0.6180339887498469
-2.548998488008942*(10^{-14})
-0.6180339887498955
-1.1755705045849265
-1.618033988749866
-1.9021130325902842
-2.0
-1.9021130325903104
-1.6180339887499156
-1.1755705045849028
-0.6180339887498675


