1.196944288207913
-1.153989585732071
-1.9101490748537437
-0.02654746610670982
1.8937418384846112
1.1969442882079133
-1.1539895857320706
-1.910149074853744
-0.02654746610671031
1.893741838484611
1.1969442882079138
-1.1539895857320703
-1.910149074853744
-0.026547466106710802
1.893741838484611
1.1969442882079142
-1.15398958573207
-1.9101490748537442
-0.02654746610671129
1.8937418384846108
1.1969442882079147
-1.1539895857320694
-1.9101490748537442
-0.02654746610671178
1.8937418384846105
1.1969442882079149
-1.153989585732069
-1.9101490748537444
-0.02654746610671227
1.8937418384846103
1.1969442882079153
-1.1539895857320686
-1.9101490748537446
-0.02654746610671276
1.8937418384846103
1.1969442882079044
-1.1539895857320683
-1.9101490748537446
-0.026547466106713248
1.89374183848461
1.1969442882079162
-1.1539895857320794
-1.9101490748537449
-0.02654746610671374
1.8937418384846099
1.1969442882079164
-1.1539895857320674
-1.9101490748537409
-0.02654746610671423
1.8937418384846143
1.1969442882079169
-1.1539895857320785
-1.910149074853745
-0.02654746610670051
1.8937418384846096
1.196944288207906
-1.1539895857320666
-1.910149074853741
-0.02654746610671521
1.893741838484605
1.1969442882079178
-1.1539895857320546
-1.9101490748537455
-0.02654746610670149
1.8937418384846092
1.1969442882079067
-1.153989585732066
-1.9101490748537413
-0.02654746610671619
1.8937418384846136
1.1969442882078958
-1.153989585732054
-1.9101490748537457
-0.026547466106730887
1.893741838484609
1.1969442882079302
-1.153989585732065
-1.9101490748537417
-0.02654746610671717
1.8937418384846134
1.1969442882079193
-1.1539895857320763
-1.9101490748537375
-0.026547466106703447
1.8937418384846088
1.196944288207931
-1.1539895857320643
-1.9101490748537504
-0.026547466106718147
1.8937418384846132
1.19694428820792
-1.1539895857320754
-1.9101490748537464
-0.02654746610670443
1.8937418384846174
1.196944288207909
-1.1539895857320634
-1.9101490748537506
-0.02654746610671913
1.8937418384846036
1.1969442882079209
-1.1539895857320746
-1.9101490748537382
-0.026547466106733825
1.893741838484608
1.1969442882079098
-1.1539895857320859
-1.9101490748537342
-0.026547466106720107
1.8937418384846125
1.1969442882078989
-1.153989585732097
-1.9101490748537469
-0.02654746610670639
1.893741838484617
1.1969442882078878
-1.153989585732062
-1.9101490748537597
-0.026547466106749507
1.893741838484603
1.1969442882079224
-1.153989585732073
-1.9101490748537555
-0.026547466106735786
1.8937418384846074
1.1969442882079113
-1.1539895857320843
-1.9101490748537515
-0.026547466106722067
1.8937418384846119
1.1969442882079004
-1.153989585732049
-1.9101490748537475
-0.026547466106708346
1.8937418384846163
1.1969442882078893
-1.1539895857320603
-1.9101490748537435
-0.026547466106694628
1.8937418384846207
1.1969442882078785
-1.153989585732025
-1.9101490748537562
-0.026547466106737746
1.8937418384846068
1.1969442882079129
-1.1539895857320361
-1.9101490748537522
-0.026547466106724024
1.8937418384846112
1.1969442882079475
-1.1539895857320475
-1.910149074853748
-0.026547466106710306
1.8937418384846156
1.1969442882079366
-1.1539895857320586
-1.910149074853744
-0.026547466106696588
1.89374183848462
1.1969442882079255
-1.15398958573207
-1.91014907485374
-0.026547466106682866
1.8937418384846245
1.1969442882079147
-1.153989585732081
-1.9101490748537526
-0.026547466106725984
1.8937418384846105
1.196944288207949
-1.153989585732046
-1.9101490748537486
-0.026547466106712266
1.8937418384845968
1.1969442882079382
-1.153989585732057
-1.9101490748537446
-0.026547466106698545
1.8937418384846012
1.196944288207927
-1.1539895857320683
-1.9101490748537404
-0.026547466106684826
1.8937418384846054
1.1969442882079162
-1.1539895857320794
-1.9101490748537364
-0.026547466106671105
1.8937418384846099
1.196944288207905
-1.1539895857320908
-1.9101490748537493
-0.026547466106771063
1.893741838484596
1.1969442882079397
-1.1539895857320555
-1.910149074853745
-0.026547466106757345
1.8937418384846005
1.1969442882079286
-1.1539895857321132
-1.910149074853741
-0.026547466106686787
1.8937418384846232
1.1969442882079633
-1.1539895857320315
-1.910149074853754
-0.026547466106729905
1.8937418384846092
1.1969442882079067
-1.1539895857319962
-1.9101490748537329
-0.026547466106773023
1.893741838484632
1.1969442882079413
-1.153989585732054
-1.9101490748537457
-0.026547466106702465
1.893741838484618
1.1969442882078847
-1.1539895857320186
-1.9101490748537249
-0.026547466106745583
1.8937418384846043
1.1969442882079193
-1.1539895857320763
-1.9101490748537375
-0.026547466106675025
1.8937418384845903
1.1969442882078627
-1.153989585732041
-1.9101490748537504
-0.026547466106718143
1.8937418384845766
1.1969442882078973
-1.1539895857320057
-1.9101490748537295
-0.026547466106761262
1.8937418384845992
1.1969442882079318
-1.1539895857320634
-1.9101490748537422
-0.026547466106690704
1.8937418384845854
1.1969442882078754
-1.1539895857320281
-1.9101490748537213
-0.026547466106733822
1.893741838484608