0.0
1.902113032590307
1.1755705045849465
-1.175570504584946
-1.9021130325903073
-4.898587196589413*(10^(-16))
1.902113032590307
1.1755705045849467
-1.1755705045849456
-1.9021130325903075
-9.797174393178826*(10^(-16))
1.9021130325903068
1.1755705045849472
-1.1755705045849452
-1.9021130325903075
-1.4695761589768238*(10^(-15))
1.9021130325903066
1.1755705045849476
-1.175570504584945
-1.9021130325903077
-1.959434878635765*(10^(-15))
1.9021130325903066
1.175570504584948
-1.1755705045849445
-1.902113032590308
-2.4492935982947065*(10^(-15))
1.9021130325903064
1.1755705045849485
-1.175570504584944
-1.902113032590308
-2.9391523179536475*(10^(-15))
1.9021130325903062
1.1755705045849487
-1.1755705045849436
-1.9021130325903082
1.0781843677589415*(10^(-14))
1.902113032590306
1.1755705045849492
-1.1755705045849432
-1.9021130325903084
-3.91886975727153*(10^(-15))
1.9021130325903104
1.1755705045849496
-1.175570504584943
-1.9021130325903084
-4.408728476930472*(10^(-15))
1.9021130325903057
1.1755705045849385
-1.1755705045849425
-1.9021130325903086
-4.898587196589413*(10^(-15))
1.90211303259031
1.1755705045849503
-1.1755705045849536
-1.9021130325903088
8.82240879895365*(10^(-15))
1.9021130325903055
1.1755705045849392
-1.1755705045849416
-1.9021130325903133
-5.878304635907295*(10^(-15))
1.9021130325903008
1.1755705045849512
-1.1755705045849527
-1.902113032590309
7.842691359635767*(10^(-15))
1.902113032590305
1.17557050458494
-1.175570504584941
-1.9021130325903048
2.156368735517883*(10^(-14))
1.9021130325903006
1.175570504584952
-1.175570504584929
-1.9021130325903093
-2.1558735510086122*(10^(-14))
1.9021130325903048
1.175570504584941
-1.17557050458494
-1.902113032590305
-7.83773951454306*(10^(-15))
1.902113032590309
1.1755705045849298
-1.1755705045849512
-1.9021130325903097
-2.2538452949404006*(10^(-14))
1.9021130325903046
1.1755705045849647
-1.1755705045849394
-1.9021130325903055
-8.817456953860943*(10^(-15))
1.9021130325903088
1.1755705045849536
-1.1755705045849505
-1.9021130325903013
4.90353904168212*(10^(-15))
1.9021130325903042
1.1755705045849654
-1.1755705045849385
-1.9021130325903146
-9.797174393178826*(10^(-15))
1.9021130325903084
1.1755705045849314
-1.1755705045849265
-1.9021130325903104
3.923821602364237*(10^(-15))
1.9021130325903126
1.1755705045849203
-1.1755705045849376
-1.902113032590306
1.76448175979073*(10^(-14))
1.902113032590317
1.1755705045849552
-1.1755705045849487
-1.9021130325903017
3.1365813593450365*(10^(-14))
1.9021130325903037
1.17557050458499
-1.1755705045849139
-1.902113032590315
-1.175660927181459*(10^(-14))
1.902113032590308
1.175570504584979
-1.175570504584925
-1.9021130325903108
1.964386723728472*(10^(-15))
1.9021130325903122
1.1755705045849678
-1.175570504584936
-1.9021130325903066
1.5685382719271533*(10^(-14))
1.9021130325902988
1.1755705045849567
-1.1755705045849472
-1.9021130325903024
2.9406378714814596*(10^(-14))
1.902113032590303
1.1755705045849456
-1.1755705045849583
-1.9021130325902982
4.312737471035766*(10^(-14))
1.9021130325902897
1.1755705045849805
-1.1755705045849234
-1.9021130325903115
4.951845092706862*(10^(-18))
1.902113032590294
1.1755705045849694
-1.1755705045849345
-1.9021130325903073
-4.3117471020172244*(10^(-14))
1.9021130325902982
1.1755705045849583
-1.1755705045849456
-1.902113032590303
-2.939647502462918*(10^(-14))
1.9021130325903024
1.1755705045849472
-1.1755705045849567
-1.9021130325902988
-1.567547902908612*(10^(-14))
1.9021130325903066
1.175570504584936
-1.1755705045849678
-1.9021130325902946
-1.9544830335430583*(10^(-15))
1.9021130325903108
1.175570504584971
-1.175570504584933
-1.902113032590308
-4.507690589880801*(10^(-14))
1.9021130325902975
1.1755705045849598
-1.175570504584944
-1.9021130325903213
-3.135590990326495*(10^(-14))
1.9021130325903017
1.1755705045849487
-1.1755705045849552
-1.902113032590317
-1.7634913907721887*(10^(-14))
1.902113032590306
1.1755705045849376
-1.1755705045849663
-1.9021130325903126
-3.9139179121788235*(10^(-15))
1.9021130325903104
1.1755705045849265
-1.1755705045849774
-1.9021130325903084
9.80707808336424*(10^(-15))
1.9021130325903146
1.1755705045849614
-1.1755705045848965
-1.9021130325903217
-3.331534478190071*(10^(-14))
1.9021130325903013
1.1755705045849503
-1.1755705045849076
-1.9021130325903175
-1.9594348786357652*(10^(-14))
1.902113032590323
1.1755705045849392
-1.1755705045849647
-1.9021130325902957
-6.27167716516226*(10^(-14))
1.9021130325902922
1.1755705045849743
-1.1755705045849298
-1.902113032590309
7.847643204728474*(10^(-15))
1.9021130325902789
1.175570504584917
-1.175570504584895
-1.9021130325902873
-3.527477966053648*(10^(-14))
1.9021130325903006
1.175570504584952
-1.175570504584952
-1.9021130325903006
3.52896351958146*(10^(-14))
1.9021130325902873
1.175570504584895
-1.1755705045849172
-1.902113032590314
-7.832787669450353*(10^(-15))
1.902113032590309
1.1755705045849298
-1.1755705045849743
-1.9021130325903273
6.273162718690073*(10^(-14))
1.9021130325902957
1.1755705045849647
-1.1755705045849394
-1.9021130325903406
1.9609204321635772*(10^(-14))
1.9021130325902824
1.1755705045849076
-1.1755705045849043
-1.9021130325903188
-2.351321854362918*(10^(-14))
1.9021130325903042
1.1755705045849425
-1.1755705045849616
-1.9021130325903322
4.70511963127219*(10^(-14))
1.9021130325902909
1.1755705045848854
-1.1755705045849265
-1.9021130325903104